# Vmax_A_mol_m2_s
1.000000000000000062e-09
1.778279410038922821e-09
3.162277660168379522e-09
5.623413251903490990e-09
1.000000000000000021e-08
1.778279410038922821e-08
3.162277660168379191e-08
5.623413251903490494e-08
9.999999999999999547e-08
1.778279410038922689e-07
3.162277660168379191e-07
5.623413251903490361e-07
9.999999999999999547e-07
1.778279410038922689e-06
3.162277660168379191e-06
5.623413251903491208e-06
9.999999999999999124e-06
1.778279410038922901e-05
3.162277660168379530e-05
5.623413251903490700e-05
1.000000000000000048e-04
1.778279410038922698e-04
3.162277660168379394e-04
5.623413251903490971e-04
1.000000000000000021e-03
