nan 8.075456564519450930e-02 1.427248492275352276e-01 2.509630794471205961e-01 4.369382518932424797e-01 7.453213631695948527e-01 1.213504365562091625e+00 1.772986575823435551e+00 2.186578902604744634e+00 2.389969628048488559e+00 2.483855839268436672e+00 2.529986546673566483e+00 2.553936838452683045e+00 2.566804604940180479e+00 2.573856463082274004e+00 2.577764799977386723e+00 2.579944714061849442e+00 2.581164942191354061e+00 2.581849352553243993e+00 2.582233664888904823e+00 2.582449602732741933e+00 2.582570977610274099e+00 2.582639214040090003e+00 2.582677580633556236e+00 2.582699153982451978e+00
nan 8.089917325092792211e-02 1.431928864241623633e-01 2.525051402072740481e-01 4.421776178874431973e-01 nan 1.284472282436232682e+00 2.031884125335648772e+00 2.828326570147346786e+00 3.348977850378536569e+00 3.598842508407668728e+00 3.717049100320238608e+00 3.776394880614619698e+00 3.807613470306401293e+00 3.824512432690027719e+00 3.833812637859277395e+00 3.838979297744488761e+00 3.841864891076384403e+00 3.843481336658229441e+00 3.844388362121868408e+00 3.844897798232508990e+00 3.845184078775907288e+00 3.845345004062402872e+00 3.845435479380445276e+00 3.845486351181484075e+00
nan 8.097073347162762891e-02 1.434226499356531515e-01 2.532515410737163908e-01 4.446522838710146863e-01 7.725233759923678667e-01 nan 2.147291092194412165e+00 nan 4.109784984021846554e+00 4.607749974652840308e+00 4.843546174227783219e+00 4.959052361361098171e+00 5.018678157863086575e+00 5.050580889148406527e+00 5.068019723033405199e+00 5.077670313537598901e+00 5.083048388440084331e+00 5.086057340398517645e+00 5.087744556084571990e+00 5.088691818665926903e+00 5.089224020240531665e+00 5.089523147297902561e+00 5.089691310297578042e+00 5.089785860041187604e+00
nan 8.101343379700161329e-02 1.435591669500360656e-01 2.536916931794030994e-01 4.460924734757423793e-01 7.773559199107529238e-01 1.332031904122076060e+00 2.209146068579960875e+00 3.426190694624220878e+00 4.678239274857279639e+00 5.497714976324333591e+00 5.903066076516756411e+00 6.099263800409639558e+00 6.198968132049091473e+00 6.251747824768147943e+00 6.280413495392973111e+00 6.296217996130857308e+00 6.305006828171038080e+00 6.309918134892727792e+00 6.312670191882349791e+00 6.314214703356838321e+00 6.315082271547748149e+00 6.315569833107247177e+00 6.315843911641771946e+00 6.315998006797737041e+00
nan 8.104180291679975723e-02 1.436496241765199411e-01 2.539819690373208982e-01 4.470344391727594791e-01 7.804720548993795415e-01 1.342670149341744779e+00 2.247063547988825238e+00 3.563288477090363671e+00 5.088839101791197805e+00 6.262561466681917821e+00 6.889841766013938162e+00 7.194442572655748158e+00 7.347460679536429673e+00 7.427699164745606986e+00 7.471017229121477143e+00 7.494815546955518215e+00 7.508022708005119839e+00 7.515394458205732597e+00 7.519522512537514025e+00 7.521838402024390469e+00 7.523138989643602947e+00 7.523869816220888573e+00 7.524280617154322393e+00 7.524511572758916245e+00
nan 8.106201880793607872e-02 1.437139664610909418e-01 2.541877758406566046e-01 4.476985129004620867e-01 7.826474058149716084e-01 1.349977001303423796e+00 2.272521804569915371e+00 3.654448455803779527e+00 5.384075456121394154e+00 6.904808596165046275e+00 7.799355012899336081e+00 8.242161129464513181e+00 8.463162257556765766e+00 8.578127129760913405e+00 8.639852569023370066e+00 8.673650445472995685e+00 8.692370467975603532e+00 8.702807644195324599e+00 8.708648584864370434e+00 8.711924252190602402e+00 8.713763473371539447e+00 8.714796850717142718e+00 8.715377680024946727e+00 8.715704215219728823e+00
4.566730854294894643e-02 8.107715465111346720e-02 1.437620759529670555e-01 2.543412977082591953e-01 4.481918298754612451e-01 7.842518098567360374e-01 1.355301479208613769e+00 2.290741482613711799e+00 3.718687168678056043e+00 5.599566339706147922e+00 7.434896271478921292e+00 8.628901968320539240e+00 9.240261187979260882e+00 9.545131173480312370e+00 9.702736502559465848e+00 9.786941895959792248e+00 9.832905642893384979e+00 9.858317251674495907e+00 9.872470201542355994e+00 9.880385792471949813e+00 9.884823424655763802e+00 9.887314582402789043e+00 9.888714102483657342e+00 9.889500680273917155e+00 9.889942869461156860e+00
4.567094926566141189e-02 nan 1.437994074366716613e-01 2.544602121866179067e-01 4.485727359165714856e-01 7.854838311962872854e-01 1.359352340045814289e+00 2.304404676411067499e+00 3.766106158048174724e+00 5.760599902073735734e+00 7.868151905655529355e+00 9.377978650065404764e+00 1.018696570894376308e+01 1.059250103622475869e+01 1.080125083355418525e+01 1.091231056553991152e+01 1.097276064876807311e+01 1.100612359478189184e+01 1.102468633666756759e+01 1.103506229518423787e+01 1.104087734998721970e+01 1.104414114814317927e+01 1.104597454220671793e+01 1.104700491125737472e+01 1.104758413299966868e+01
4.567388798920351406e-02 nan 1.438292179215499844e-01 2.545550353193459792e-01 4.488757174118637172e-01 7.864595695554472687e-01 1.362537002639017558e+00 2.315021470569194051e+00 3.802422490415518830e+00 5.884022337381845880e+00 8.221302635434964756e+00 1.004837370440626820e+01 1.108098231539371170e+01 1.160450420311720343e+01 1.187341846560751790e+01 1.201598897607060934e+01 1.209339251902179058e+01 1.213604405551755505e+01 1.215975245764960633e+01 1.217299745154166679e+01 1.218041811024505350e+01 1.218458234799620143e+01 1.218692131929575773e+01 1.218823574958246070e+01 1.218897463297739669e+01
4.567631607938229393e-02 nan 1.438535722122927241e-01 2.546324145510661108e-01 4.491224646260593145e-01 7.872514254657267951e-01 1.365106090554175200e+00 2.323504050882878147e+00 3.831068324768456712e+00 5.980908531011706053e+00 8.509964397146621451e+00 1.064393950197948513e+01 1.192158668827617340e+01 1.258049431388455197e+01 1.291901831537891887e+01 1.309801448977094651e+01 1.319497674582338753e+01 1.324832777772530257e+01 1.327795760269942704e+01 1.329450221774754404e+01 1.330376881545188894e+01 1.330896807163126816e+01 1.331188811833827579e+01 1.331352900827905117e+01 1.331445137758538877e+01
4.567834373112653751e-02 nan 1.438738426660737257e-01 2.546967577917532699e-01 4.493273022215894530e-01 7.879068849134630570e-01 1.367222154558023872e+00 2.330434826800310777e+00 3.854211842933087162e+00 6.058612960132755632e+00 8.747442565561597050e+00 1.117011165281489227e+01 1.270867559718517015e+01 1.351996690794602429e+01 1.393786530583762939e+01 1.415843319371361986e+01 1.427768806034366023e+01 1.434321900428013130e+01 1.437958386064746819e+01 1.439987951781643538e+01 1.441124395584267681e+01 1.441761926443232866e+01 1.442119949895699804e+01 1.442321127438389183e+01 1.442434209235007714e+01
4.568006774888863641e-02 nan 1.438909770076434169e-01 2.547511032524584773e-01 4.495000708323344529e-01 7.884583842131489551e-01 1.368995198580302830e+00 2.336202627545722166e+00 3.873283218122691274e+00 6.122116922437970565e+00 8.944487803506792289e+00 nan 1.344278251300002047e+01 1.442257710536392423e+01 1.492981535823116879e+01 1.519730149860096269e+01 1.534170115082704200e+01 1.542095753866933094e+01 1.546490674909320084e+01 1.548942458966573632e+01 1.550314973494722892e+01 1.551084825464948835e+01 1.551517122004940674e+01 1.551760023164755609e+01 1.551896554206253143e+01
4.568156166197272910e-02 nan 1.439056507719683187e-01 2.547976131008020673e-01 4.496477541179800808e-01 7.889288328543030415e-01 1.370502307611009440e+00 2.341076739896867043e+00 3.889260965635998879e+00 6.174872459655400547e+00 9.109539426522866634e+00 1.204035781180434128e+01 1.412505370143400896e+01 1.528815340836666081e+01 1.589476984487023792e+01 1.621468756990198656e+01 1.638719130068562890e+01 1.648177916077134952e+01 1.653419555055342371e+01 1.656342530869828522e+01 1.657978438438846425e+01 1.658895906456220715e+01 1.659411054930583873e+01 1.659700496925786695e+01 1.659863183908286288e+01
4.568288733511523952e-02 nan 1.439183584746313305e-01 2.548378679732845598e-01 4.497754453411210163e-01 7.893348711005351293e-01 1.371799095576965666e+00 2.345249461917526368e+00 3.902835747514550313e+00 6.219327561653519965e+00 9.249133463708012926e+00 1.239800892731846460e+01 1.475718817200571387e+01 1.611670684888679261e+01 1.683267941150458924e+01 1.721067258691696011e+01 1.741433495068056914e+01 1.752591599995644245e+01 1.758771364777689783e+01 1.762216249063226314e+01 1.764143846167159779e+01 1.765224770664763199e+01 1.765831655883717843e+01 1.766172627727838673e+01 1.766364273870842183e+01
nan nan 1.439294704380241485e-01 2.548730501626889633e-01 4.498869464215662362e-01 7.896888767319160118e-01 1.372926689581459581e+00 2.348861725149371971e+00 3.914508237654829248e+00 6.257256553715977887e+00 9.368312175354599702e+00 1.271262377447651026e+01 1.534134952798338070e+01 1.690843495897218673e+01 1.774354708781050149e+01 1.818535182588413690e+01 1.842331018895542982e+01 1.855359686891390680e+01 1.862571880629622711e+01 1.866591017518295104e+01 1.868839513213581327e+01 1.870100246567378122e+01 1.870808040768791258e+01 1.871205692950304567e+01 1.871429192225350491e+01
nan nan 1.439392694754154933e-01 2.549040616640174672e-01 4.499851527771024928e-01 7.900002474845804201e-01 1.373916155946670381e+00 2.352019141427543758e+00 3.924649747878779849e+00 6.289971705247060285e+00 9.470973087046367311e+00 1.298998174130776917e+01 1.588006059414716375e+01 1.766372035143701069e+01 1.862743061942364520e+01 1.913883556412407216e+01 1.941429717249028641e+01 1.956504756125945832e+01 1.964846344702598202e+01 1.969493589206436823e+01 1.972093043614650298e+01 1.973550416756992121e+01 1.974368561195831973e+01 1.974828195437780920e+01 1.975086526845039003e+01
nan nan 1.439479752975449667e-01 2.549316025915412398e-01 4.500723082861318169e-01 7.902762468302876320e-01 1.374791397805289916e+00 2.354802397537868686e+00 3.933541650177625471e+00 6.318461585033350758e+00 9.560145293325870597e+00 1.323520337221139620e+01 1.637609228799121652e+01 1.838312403425005215e+01 1.948444397345323509e+01 2.007124980348162424e+01 2.038747848340794633e+01 2.056049111574138877e+01 2.065619489457522917e+01 2.070950091065444454e+01 2.073931354252043846e+01 2.075602643586444529e+01 2.076540830321139097e+01 2.077067889460010619e+01 2.077364111374600597e+01
